255 255 255 255 255 255 255 255 255 255 255 255 255 255 255 255
255 246 207 207 255 207 255 207 210 255 222 255 207 207 246 255
255 207   0 111 255   0 255 239 239 255 255 255 111   0 207 255
255 207 111 174 255  44 111 104  15   0 210 255 174 111 207 255
255 255 255 255 255 175   0 255 255   0   0 255 255 255 255 255
255 255  79  98   0 145  79 250 175   0 255  79   0 175 255 255
255 255   0   0 255   0 255 239 255   0 255 255 143 255 207 255
255 252  15  15  15 255  15 224 254 255 169  15   8  15 210 255
255 252  15 239 255 175 239  14 254   0 164  15 143 255 207 255
255 207 255 255 255  79 255 255  15   0   0   0 111 255 255 255
255 255  79 156   0  54 175  79  79   0 230 255 220 175 255 255
255 255 255 255 255  79 255  15 239   0 255 255 111 255 207 255
255 207 111 174 255   0 255 255 120 143  79 111  48 143 207 255
255 207   0 111 255 175 255  15 239 255   0 255 111   0 207 255
255 246 207 207 255 240 207 252 207 207 207 207 255 255 255 255
255 255 255 255 255 255 255 255 255 255 255 255 255 255 255 255
255 255 255 255 255 255 255 255 255 255 255 255 255 255 255 255
255 246 207 207 255 207 255 207 210 255 222 255 207 207 246 255
255 207   0 111 255   0 255 239 239 255 255 255 111   0 207 255
255 207 111 174 255  44 111 104  15   0 210 255 174 111 207 255
255 255 255 255 255 175   0 255 255   0   0 255 255 255 255 255
255 255  79  98   0 145  79 250 175   0 255  79   0 175 255 255
255 255   0   0 255   0 255 239 255   0 255 255 143 255 207 255
255 252  15  15  15 255  15 224 254 255 169  15   8  15 210 255
255 252  15 239 255 175 239  14 254   0 164  15 143 255 207 255
255 207 255 255 255  79 255 255  15   0   0   0 111 255 255 255
255 255  79 156   0  54 175  79  79   0 230 255 220 175 255 255
255 255 255 255 255  79 255  15 239   0 255 255 111 255 207 255
255 207 111 174 255   0 255 255 120 143  79 111  48 143 207 255
255 207   0 111 255 175 255  15 239 255   0 255 111   0 207 255
255 246 207 207 255 240 207 252 207 207 207 207 255 255 255 255
255 255 255 255 255 255 255 255 255 255 255 255 255 255 255 255
255 255 255 255 255 255 255 255 255 255 255 255 255 255 255 255
255 246 207 207 255 207 255 207 210 255 222 255 207 207 246 255
255 207   0 111 255   0 255 239 239 255 255 255 111   0 207 255
255 207 111 174 255  44 111 104  15   0 210 255 174 111 207 255
255 255 255 255 255 175   0 255 255   0   0 255 255 255 255 255
255 255  79  98   0 145  79 250 175   0 255  79   0 175 255 255
255 255   0   0 255   0 255 239 255   0 255 255 143 255 207 255
255 252  15  15  15 255  15 224 254 255 169  15   8  15 210 255
255 252  15 239 255 175 239  14 254   0 164  15 143 255 207 255
255 207 255 255 255  79 255 255  15   0   0   0 111 255 255 255
255 255  79 156   0  54 175  79  79   0 230 255 220 175 255 255
255 255 255 255 255  79 255  15 239   0 255 255 111 255 207 255
255 207 111 174 255   0 255 255 120 143  79 111  48 143 207 255
255 207   0 111 255 175 255  15 239 255   0 255 111   0 207 255
255 246 207 207 255 240 207 252 207 207 207 207 255 255 255 255
255 255 255 255 255 255 255 255 255 255 255 255 255 255 255 255

255 255 255 255 255 255 255 255 255 255 255 255 255 255 255 255
255 246 207 207 255 255 207 210 207 255 255 207 207 207 255 255
255 207   0 112 255 175 255  16 255 255 175 255 143   0 255 255
255 207 112 174 255   0 143   9 143 112 220 112  49 112 255 255
255 255 255 255 255  80 255  16  16   0 255 255 112 255 207 255
255 222 255 210   0 255 255 169 164   0 230 255  80   0 207 255
255 255 255   0   0   0   0 255   0   0   0   0 143 255 207 255
255 210 239  16 255 175 255 254 254  16  80 239 121 239 207 255
255 207 239 105 255 250 239 224  15 255  80  16 255  16 252 255
255 255 255 112   0  80 255  16 239 255 175 255 255 255 207 255
255 207   0  45 175 145   0 255 175  80  55  80   0 175 240 255
255 255 255 255 255   0 255  16 255 255   0 255 255 255 255 255
255 207 112 174 255  99   0  16 239 255 156 255 174 112 207 255
255 207   0 112 255  80   0  16  16 255  80 255 112   0 207 255
255 246 207 207 255 255 255 252 252 207 255 255 207 207 246 255
255 255 255 255 255 255 255 255 255 255 255 255 255 255 255 255
255 255 255 255 255 255 255 255 255 255 255 255 255 255 255 255
255 246 207 207 255 255 207 210 207 255 255 207 207 207 255 255
255 207   0 112 255 175 255  16 255 255 175 255 143   0 255 255
255 207 112 174 255   0 143   9 143 112 220 112  49 112 255 255
255 255 255 255 255  80 255  16  16   0 255 255 112 255 207 255
255 222 255 210   0 255 255 169 164   0 230 255  80   0 207 255
255 255 255   0   0   0   0 255   0   0   0   0 143 255 207 255
255 210 239  16 255 175 255 254 254  16  80 239 121 239 207 255
255 207 239 105 255 250 239 224  15 255  80  16 255  16 252 255
255 255 255 112   0  80 255  16 239 255 175 255 255 255 207 255
255 207   0  45 175 145   0 255 175  80  55  80   0 175 240 255
255 255 255 255 255   0 255  16 255 255   0 255 255 255 255 255
255 207 112 174 255  99   0  16 239 255 156 255 174 112 207 255
255 207   0 112 255  80   0  16  16 255  80 255 112   0 207 255
255 246 207 207 255 255 255 252 252 207 255 255 207 207 246 255
255 255 255 255 255 255 255 255 255 255 255 255 255 255 255 255
255 255 255 255 255 255 255 255 255 255 255 255 255 255 255 255
255 246 207 207 255 255 207 210 207 255 255 207 207 207 255 255
255 207   0 112 255 175 255  16 255 255 175 255 143   0 255 255
255 207 112 174 255   0 143   9 143 112 220 112  49 112 255 255
255 255 255 255 255  80 255  16  16   0 255 255 112 255 207 255
255 222 255 210   0 255 255 169 164   0 230 255  80   0 207 255
255 255 255   0   0   0   0 255   0   0   0   0 143 255 207 255
255 210 239  16 255 175 255 254 254  16  80 239 121 239 207 255
255 207 239 105 255 250 239 224  15 255  80  16 255  16 252 255
255 255 255 112   0  80 255  16 239 255 175 255 255 255 207 255
255 207   0  45 175 145   0 255 175  80  55  80   0 175 240 255
255 255 255 255 255   0 255  16 255 255   0 255 255 255 255 255
255 207 112 174 255  99   0  16 239 255 156 255 174 112 207 255
255 207   0 112 255  80   0  16  16 255  80 255 112   0 207 255
255 246 207 207 255 255 255 252 252 207 255 255 207 207 246 255
255 255 255 255 255 255 255 255 255 255 255 255 255 255 255 255

255 255 255 255 255 255 255 255 255 255 255 255 255 255 255 255
255 255 255 255 207 207 207 207 252 207 240 255 207 207 246 255
255 207   0 111 255   0 255 239  15 255 175 255 111   0 207 255
255 207 143  48 111  79 143 120 255 255   0 255 174 111 207 255
255 207 255 111 255 255   0 239  15 255  79 255 255 255 255 255
255 255 175 220 255 230   0  79  79 175  54   0 156  79 255 255
255 255 255 111   0   0   0  15 255 255  79 255 255 255 207 255
255 207 255 143  15 164   0 254  14 239 175 255 239  15 252 255
255 210  15   8  15 169 255 254 224  15 255  15  15  15 252 255
255 207 255 143 255 255   0 255 239 255   0 255   0   0 255 255
255 255 175   0  79 255   0 175 250  79 145   0  98  79 255 255
255 255 255 255 255   0   0 255 255   0 175 255 255 255 255 255
255 207 111 174 255 210   0  15 104 111  44 255 174 111 207 255
255 207   0 111 255 255 255 239 239 255   0 255 111   0 207 255
255 246 207 207 255 222 255 210 207 255 207 255 207 207 246 255
255 255 255 255 255 255 255 255 255 255 255 255 255 255 255 255
255 255 255 255 255 255 255 255 255 255 255 255 255 255 255 255
255 255 255 255 207 207 207 207 252 207 240 255 207 207 246 255
255 207   0 111 255   0 255 239  15 255 175 255 111   0 207 255
255 207 143  48 111  79 143 120 255 255   0 255 174 111 207 255
255 207 255 111 255 255   0 239  15 255  79 255 255 255 255 255
255 255 175 220 255 230   0  79  79 175  54   0 156  79 255 255
255 255 255 111   0   0   0  15 255 255  79 255 255 255 207 255
255 207 255 143  15 164   0 254  14 239 175 255 239  15 252 255
255 210  15   8  15 169 255 254 224  15 255  15  15  15 252 255
255 207 255 143 255 255   0 255 239 255   0 255   0   0 255 255
255 255 175   0  79 255   0 175 250  79 145   0  98  79 255 255
255 255 255 255 255   0   0 255 255   0 175 255 255 255 255 255
255 207 111 174 255 210   0  15 104 111  44 255 174 111 207 255
255 207   0 111 255 255 255 239 239 255   0 255 111   0 207 255
255 246 207 207 255 222 255 210 207 255 207 255 207 207 246 255
255 255 255 255 255 255 255 255 255 255 255 255 255 255 255 255
255 255 255 255 255 255 255 255 255 255 255 255 255 255 255 255
255 255 255 255 207 207 207 207 252 207 240 255 207 207 246 255
255 207   0 111 255   0 255 239  15 255 175 255 111   0 207 255
255 207 143  48 111  79 143 120 255 255   0 255 174 111 207 255
255 207 255 111 255 255   0 239  15 255  79 255 255 255 255 255
255 255 175 220 255 230   0  79  79 175  54   0 156  79 255 255
255 255 255 111   0   0   0  15 255 255  79 255 255 255 207 255
255 207 255 143  15 164   0 254  14 239 175 255 239  15 252 255
255 210  15   8  15 169 255 254 224  15 255  15  15  15 252 255
255 207 255 143 255 255   0 255 239 255   0 255   0   0 255 255
255 255 175   0  79 255   0 175 250  79 145   0  98  79 255 255
255 255 255 255 255   0   0 255 255   0 175 255 255 255 255 255
255 207 111 174 255 210   0  15 104 111  44 255 174 111 207 255
255 207   0 111 255 255 255 239 239 255   0 255 111   0 207 255
255 246 207 207 255 222 255 210 207 255 207 255 207 207 246 255
255 255 255 255 255 255 255 255 255 255 255 255 255 255 255 255

255 255 255 255 255 255 255 255 255 255 255 255 255 255 255 255
255 246 207 207 255 255 207 252 252 255 255 255 207 207 246 255
255 207   0 112 255  80 255  16  16   0  80 255 112   0 207 255
255 207 112 174 255 156 255 239  16   0  99 255 174 112 207 255
255 255 255 255 255   0 255 255  16 255   0 255 255 255 255 255
255 240 175   0  80  55  80 175 255   0 145 175  45   0 207 255
255 207 255 255 255 175 255 239  16 255  80   0 112 255 255 255
255 252  16 255  16  80 255  15 224 239 250 255 105 239 207 255
255 207 239 121 239  80  16 254 254 255 175 255  16 239 210 255
255 207 255 143   0   0   0   0 255   0   0   0   0 255 255 255
255 207   0  80 255 230   0 164 169 255 255   0 210 255 222 255
255 207 255 112 255 255   0  16  16 255  80 255 255 255 255 255
255 255 112  49 112 220 112 143   9 143   0 255 174 112 207 255
255 255   0 143 255 175 255 255  16 255 175 255 112   0 207 255
255 255 207 207 207 255 255 207 210 207 255 255 207 207 246 255
255 255 255 255 255 255 255 255 255 255 255 255 255 255 255 255
255 255 255 255 255 255 255 255 255 255 255 255 255 255 255 255
255 246 207 207 255 255 207 252 252 255 255 255 207 207 246 255
255 207   0 112 255  80 255  16  16   0  80 255 112   0 207 255
255 207 112 174 255 156 255 239  16   0  99 255 174 112 207 255
255 255 255 255 255   0 255 255  16 255   0 255 255 255 255 255
255 240 175   0  80  55  80 175 255   0 145 175  45   0 207 255
255 207 255 255 255 175 255 239  16 255  80   0 112 255 255 255
255 252  16 255  16  80 255  15 224 239 250 255 105 239 207 255
255 207 239 121 239  80  16 254 254 255 175 255  16 239 210 255
255 207 255 143   0   0   0   0 255   0   0   0   0 255 255 255
255 207   0  80 255 230   0 164 169 255 255   0 210 255 222 255
255 207 255 112 255 255   0  16  16 255  80 255 255 255 255 255
255 255 112  49 112 220 112 143   9 143   0 255 174 112 207 255
255 255   0 143 255 175 255 255  16 255 175 255 112   0 207 255
255 255 207 207 207 255 255 207 210 207 255 255 207 207 246 255
255 255 255 255 255 255 255 255 255 255 255 255 255 255 255 255
255 255 255 255 255 255 255 255 255 255 255 255 255 255 255 255
255 246 207 207 255 255 207 252 252 255 255 255 207 207 246 255
255 207   0 112 255  80 255  16  16   0  80 255 112   0 207 255
255 207 112 174 255 156 255 239  16   0  99 255 174 112 207 255
255 255 255 255 255   0 255 255  16 255   0 255 255 255 255 255
255 240 175   0  80  55  80 175 255   0 145 175  45   0 207 255
255 207 255 255 255 175 255 239  16 255  80   0 112 255 255 255
255 252  16 255  16  80 255  15 224 239 250 255 105 239 207 255
255 207 239 121 239  80  16 254 254 255 175 255  16 239 210 255
255 207 255 143   0   0   0   0 255   0   0   0   0 255 255 255
255 207   0  80 255 230   0 164 169 255 255   0 210 255 222 255
255 207 255 112 255 255   0  16  16 255  80 255 255 255 255 255
255 255 112  49 112 220 112 143   9 143   0 255 174 112 207 255
255 255   0 143 255 175 255 255  16 255 175 255 112   0 207 255
255 255 207 207 207 255 255 207 210 207 255 255 207 207 246 255
255 255 255 255 255 255 255 255 255 255 255 255 255 255 255 255
